0 0.00999599163532
0.00164959747522 0.00999783476007
0.00344283982927 0.00999751738805
0.00517501014528 0.0099960699078
0.00689517843514 0.009996088831
0.00854464369576 0.0099960104263
0.0101579567322 0.00999525108836
0.0117347127932 0.0099935529166
0.013256550856 0.00999546904578
0.01475415915 0.00998171448903
0.016222185764 0.00998087886024
0.0176502181536 0.00998250445408
0.0190047939202 0.00999461237556
0.0203095139901 0.00998844860608
0.0215672007871 0.00999460028101
0.0227633151792 0.00999515463306
0.023910701987 0.00999612340965
0.0250315131053 0.00999806899454
0.0258664269064 0.009999682196
0.0263296080935 0.0100007130834
0.026735951925 0.0100017692775
0.027143766965 0.0100038325048
0.0275776947508 0.0100118438377
0.0280553208149 0.0100274497715
0.0285887351413 0.0100664792299
0.0291892042392 0.0102084952447
0.0298778044647 0.0110606731486
0.0306830492009 0.0118523912719
0.0316518714498 0.0133001451781
0.0328520677526 0.0143920261007
0.0342222222222 0.0153724833663
0.0356116039149 0.0159782291134
0.0370200023671 0.0164514795607
0.0384553310682 0.0169214921403
0.0399547671248 0.0171465796677
0.0415248217423 0.0173649302088
0.0431749327955 0.0173072259969
0.0449362073536 0.0170688339667
0.0464752912816 0.0168892149454
0.0480482559664 0.0165408463327
0.0495228736351 0.0162760821745
0.0508817628638 0.0159814775391
0.0522773220555 0.0157149753237
0.0537959818575 0.0154465450075
0.0554320011633 0.0150943211007
0.0571572783618 0.0148774301033
0.0589581894898 0.0145738573751
0.0608466263895 0.0144304257704
0.0628504398827 0.0142803173099
0.0649361702128 0.0141704024238
0.0671353932584 0.0141947980773
0.0694748508099 0.0143486444694
0.0719499921863 0.0144920167478
0.0745428704567 0.0146801617626
0.0773055555556 0.0149536852429
0.0802153846154 0.0151081657442
0.0833333333333 0.0153384342674
0.0867142857143 0.0154240720146
0.09044 0.0154286187996
0.0946887052342 0.0153729569428
0.09955 0.015234455557
0.104615384615 0.0151402974112
0.109891891892 0.0151466120844
0.115428571429 0.0152511313516
0.121333333333 0.0153727746
0.127733333333 0.0154339318322
0.134642857143 0.0154620626346
0.14208 0.0154772516368
